{
  "inputs": {
    "D": 0.07,
    "cross-section": 0.0033,
    "dimensions": {
      "a": 100.0,
      "b": 100.0
    },
    "mesh": {
      "m": 5,
      "n": 5,
      "𝛾": 16.666666666666668,
      "𝛿": 16.666666666666668
    },
    "methods": [
      "LUP",
      "point-jacobi",
      "gauss-seidel",
      "SOR",
      "SSOR",
      "SORJ"
    ]
  },
  "outputs": {
    "LUP": {
      "converged": true,
      "iterations": {
        "actual": 0,
        "maximum": 5000
      },
      "iterative-error": {
        "actual": null,
        "maximum": 0.0001
      },
      "max-residual": 1.6263032587282567e-19,
      "residual": [
        2.117582368135751e-22,
        -3.3881317890172014e-21,
        8.470329472543003e-22,
        0.0,
        -8.470329472543003e-22,
        7.940933880509066e-22,
        -1.0842021724855044e-19,
        -1.7999450129153882e-21,
        -1.0842021724855044e-19,
        7.411538288475128e-22,
        4.235164736271502e-22,
        -1.0164395367051604e-20,
        1.6940658945086007e-21,
        -6.776263578034403e-21,
        1.6940658945086007e-21,
        -1.2970192004831474e-21,
        0.0,
        -1.2811373327221293e-20,
        1.6263032587282567e-19,
        -4.685150989500349e-21,
        0.0,
        7.411538288475128e-22,
        4.235164736271502e-22,
        2.091112588534054e-21,
        -4.235164736271502e-22
      ],
      "solution": [
        1.6565825117491708,
        14.159836231379817,
        3.3131650234983416,
        14.159836231379817,
        1.6565825117491708,
        14.159836231379817,
        237.09602422976934,
        28.319672462759634,
        237.09602422976934,
        14.159836231379817,
        3.3131650234983416,
        28.319672462759634,
        6.626330046996683,
        28.319672462759634,
        3.3131650234983416,
        14.159836231379817,
        237.09602422976934,
        28.319672462759634,
        237.09602422976934,
        14.159836231379817,
        1.6565825117491708,
        14.159836231379817,
        3.3131650234983416,
        14.159836231379817,
        1.6565825117491708
      ],
      "wall-time-ns": {
        "max": 195858.0,
        "mean": 31323.6,
        "min": 16408.0,
        "p5th": 16584.85,
        "p95th": 99474.75,
        "samples": 100,
        "stddev": 35027.048475428244,
        "sum": 3132360.0,
        "variance": 1226894124.9
      }
    },
    "SOR": {
      "converged": true,
      "iterations": {
        "actual": 8,
        "maximum": 5000
      },
      "iterative-error": {
        "actual": 8.566771904100693e-05,
        "maximum": 0.0001
      },
      "max-residual": 3.872281957573891e-08,
      "residual": [
        -3.872281957573891e-08,
        1.5527127254114055e-08,
        -2.1122713602499844e-09,
        -1.7842029148063855e-09,
        5.476372347485567e-10,
        1.5527127254115008e-08,
        -4.871566704504546e-09,
        2.7808410761652646e-10,
        4.229098240766775e-10,
        -7.572005188952644e-11,
        -2.1122713602497726e-09,
        2.7808410761758526e-10,
        1.898063470955611e-11,
        4.598179089142793e-11,
        -1.5738859277146796e-11,
        -1.7842029148067032e-09,
        4.2290982418509773e-10,
        4.598179089042208e-11,
        -7.479152908974884e-11,
        1.0615971001373009e-11,
        5.476372347487685e-10,
        -7.572005187946792e-11,
        -1.5738859276299763e-11,
        1.0615971001373009e-11,
        -8.639626201820605e-13
      ],
      "solution": [
        1.6565911453647826,
        14.159833197245847,
        3.313165360862631,
        14.159836654982968,
        1.6565824098441957,
        14.159833197245847,
        237.09602500513114,
        28.319672458584094,
        237.09602415573644,
        14.159836238850481,
        3.313165360862631,
        28.319672458584094,
        6.626330040429965,
        28.319672448465358,
        3.3131650266725794,
        14.159836654982968,
        237.09602415573644,
        28.319672448465358,
        237.09602424529808,
        14.159836230011987,
        1.6565824098441957,
        14.159836238850481,
        3.3131650266725794,
        14.159836230011987,
        1.6565825117896946
      ],
      "wall-time-ns": {
        "max": 114670.0,
        "mean": 78297.53,
        "min": 77383.0,
        "p5th": 77399.0,
        "p95th": 77725.45,
        "samples": 100,
        "stddev": 4627.650126046696,
        "sum": 7829753.0,
        "variance": 21415145.6891
      }
    },
    "SORJ": {
      "converged": true,
      "iterations": {
        "actual": 12,
        "maximum": 5000
      },
      "iterative-error": {
        "actual": 2.7315216367668887e-05,
        "maximum": 0.0001
      },
      "max-residual": 4.2636147772157103e-08,
      "residual": [
        1.06590369430397e-08,
        1.846140396465594e-08,
        2.1318073886078975e-08,
        1.846140396465594e-08,
        1.0659036943040123e-08,
        1.846140396465541e-08,
        3.19771795487039e-08,
        3.692280792931421e-08,
        3.197717954859548e-08,
        1.846140396465541e-08,
        2.131807388607834e-08,
        3.692280792932882e-08,
        4.2636147772157103e-08,
        3.692280792932882e-08,
        2.1318073886078552e-08,
        1.8461403964657344e-08,
        3.197717954864969e-08,
        3.692280792932829e-08,
        3.197717954854127e-08,
        1.8461403964667508e-08,
        1.06590369430397e-08,
        1.8461403964662188e-08,
        2.1318073886078552e-08,
        1.8461403964667508e-08,
        1.06590369430397e-08
      ],
      "solution": [
        1.6565794087401395,
        14.15983085692354,
        3.313158817480279,
        14.15983085692354,
        1.6565794087401395,
        14.15983085692354,
        237.09601492072628,
        28.31966171384708,
        237.09601492072628,
        14.15983085692354,
        3.313158817480279,
        28.31966171384708,
        6.626317634960558,
        28.31966171384708,
        3.313158817480279,
        14.15983085692354,
        237.09601492072628,
        28.31966171384708,
        237.09601492072628,
        14.15983085692354,
        1.6565794087401395,
        14.15983085692354,
        3.313158817480279,
        14.15983085692354,
        1.6565794087401395
      ],
      "wall-time-ns": {
        "max": 140014.0,
        "mean": 119841.77,
        "min": 119404.0,
        "p5th": 119427.0,
        "p95th": 119876.05,
        "samples": 100,
        "stddev": 2190.483566955023,
        "sum": 11984177.0,
        "variance": 4798218.2571
      }
    },
    "SSOR": {
      "converged": true,
      "iterations": {
        "actual": 7,
        "maximum": 5000
      },
      "iterative-error": {
        "actual": 1.1145272351921234e-05,
        "maximum": 0.0001
      },
      "max-residual": 1.3185993884235955e-09,
      "residual": [
        3.6619775204764336e-10,
        5.264686012478265e-10,
        -4.1649342706769586e-11,
        3.125934579103161e-10,
        -3.2222422258772487e-10,
        5.2646860124825e-10,
        1.3185993884235955e-09,
        6.501175463598059e-10,
        1.295042378890443e-09,
        2.2203326879605991e-10,
        -4.164934270761662e-11,
        6.501175463718761e-10,
        -1.2090999722262792e-10,
        6.547871065985106e-10,
        -6.436389391538677e-11,
        3.1259345790933674e-10,
        1.295042378890443e-09,
        6.547871065995165e-10,
        1.2890813733297535e-09,
        3.991910043487272e-10,
        -3.2222422258772487e-10,
        2.2203326879611285e-10,
        -6.436389391623381e-11,
        3.991910043487272e-10,
        2.1611889673793709e-10
      ],
      "solution": [
        1.656582409271812,
        14.159836082025233,
        3.3131650079594808,
        14.159836142311335,
        1.6565825773842227,
        14.159836082025233,
        237.0960238836945,
        28.319672270267,
        237.09602389747647,
        14.159836163827588,
        3.3131650079594808,
        28.319672270267,
        6.62633003002738,
        28.319672270304338,
        3.3131650164191244,
        14.159836142311335,
        237.09602389747647,
        28.319672270304338,
        237.09602389440317,
        14.159836114954157,
        1.6565825773842227,
        14.159836163827588,
        3.3131650164191244,
        14.159836114954157,
        1.6565824479614668
      ],
      "wall-time-ns": {
        "max": 185508.0,
        "mean": 140721.7,
        "min": 138747.0,
        "p5th": 138878.45,
        "p95th": 139668.8,
        "samples": 100,
        "stddev": 8402.935422220024,
        "sum": 14072170.0,
        "variance": 70609323.71
      }
    },
    "gauss-seidel": {
      "converged": true,
      "iterations": {
        "actual": 7,
        "maximum": 5000
      },
      "iterative-error": {
        "actual": 2.0118944226451262e-05,
        "maximum": 0.0001
      },
      "max-residual": 3.7618594164557085e-09,
      "residual": [
        3.7618594164557085e-09,
        1.2945623419919467e-09,
        3.0423389307704824e-10,
        5.0548568033826876e-11,
        4.575051965232318e-12,
        1.2945623419936407e-09,
        4.035603745167031e-10,
        8.857690694980024e-11,
        1.3836386463655925e-11,
        1.099526184929796e-12,
        3.0423389307726e-10,
        8.857690694810618e-11,
        1.852266912601974e-11,
        2.7633356825093776e-12,
        1.955893477032151e-13,
        5.054856803234457e-11,
        1.3836386463655925e-11,
        2.763335676474268e-12,
        3.9117868015983714e-13,
        2.2882320684339572e-14,
        4.575051966714626e-12,
        1.0995261783123511e-12,
        1.9558934685618215e-13,
        2.2882320684339572e-14,
        0.0
      ],
      "solution": [
        1.6565815954803476,
        14.159835863469748,
        3.313164928252661,
        14.159836213571635,
        1.6565825096004947,
        14.159835863469748,
        237.09602408892576,
        28.319672427507648,
        237.09602422331815,
        14.159836230610834,
        3.313164928252661,
        28.319672427507648,
        6.626330038391678,
        28.319672461210633,
        3.313165023315455,
        14.159836213571635,
        237.09602422331815,
        28.319672461210633,
        237.0960242294935,
        14.159836231347452,
        1.6565825096004947,
        14.159836230610834,
        3.313165023315455,
        14.159836231347452,
        1.6565825117453845
      ],
      "wall-time-ns": {
        "max": 86445.0,
        "mean": 73249.72,
        "min": 68888.0,
        "p5th": 68909.7,
        "p95th": 73971.25,
        "samples": 100,
        "stddev": 2669.4925850430827,
        "sum": 7324972.0,
        "variance": 7126190.6616
      }
    },
    "point-jacobi": {
      "converged": true,
      "iterations": {
        "actual": 10,
        "maximum": 5000
      },
      "iterative-error": {
        "actual": 3.831722021940073e-05,
        "maximum": 0.0001
      },
      "max-residual": 7.78150198796114e-08,
      "residual": [
        1.9453754969903696e-08,
        0.0,
        3.89075099398057e-08,
        0.0,
        1.945375496990306e-08,
        8.999725064576941e-22,
        5.8361264909689067e-08,
        4.9763185651190145e-21,
        5.8361264909689067e-08,
        -2.6469779601696886e-21,
        3.890750993980443e-08,
        -3.3881317890172014e-21,
        7.78150198796114e-08,
        -1.0164395367051604e-20,
        3.890750993980612e-08,
        -1.2970192004831474e-21,
        5.836126490979749e-08,
        -9.423241538204091e-21,
        5.836126490979749e-08,
        -1.3234889800848443e-21,
        1.9453754969902638e-08,
        4.129285617864714e-21,
        3.890750993980612e-08,
        -1.3234889800848443e-21,
        1.9453754969902426e-08
      ],
      "solution": [
        1.6565778026609603,
        14.15983457860791,
        3.3131556053219207,
        14.15983457860791,
        1.6565778026609603,
        14.15983457860791,
        237.0960101025047,
        28.31966915721582,
        237.0960101025047,
        14.15983457860791,
        3.3131556053219207,
        28.31966915721582,
        6.626311210643841,
        28.31966915721582,
        3.3131556053219207,
        14.15983457860791,
        237.0960101025047,
        28.31966915721582,
        237.0960101025047,
        14.15983457860791,
        1.6565778026609603,
        14.15983457860791,
        3.3131556053219207,
        14.15983457860791,
        1.6565778026609603
      ],
      "wall-time-ns": {
        "max": 128762.0,
        "mean": 99149.59,
        "min": 94149.0,
        "p5th": 94164.95,
        "p95th": 100812.85,
        "samples": 100,
        "stddev": 4446.653485701354,
        "sum": 9914959.0,
        "variance": 19772727.2219
      }
    }
  }
}
