{
    "inputs": {
        "D": 0.07,
        "cross-section": 0.0033,
        "dimensions": {
            "a": 100.0,
            "b": 100.0
        },
        "mesh": {
            "m": 17,
            "n": 17,
            "𝛾": 5.555555555555555,
            "𝛿": 5.555555555555555
        },
        "methods": [
            "LUP",
            "point-jacobi",
            "SORPJ",
            "gauss-seidel",
            "symmetric-gauss-seidel",
            "SOR",
            "SSOR"
        ]
    },
    "outputs": {
        "LUP": {
            "converged": true,
            "iterations": {
                "actual": 0,
                "maximum": 5000
            },
            "iterative-error": {
                "actual": null,
                "maximum": 0.0001
            },
            "max-bytes": 10765024,
            "max-residual": 1.0842021724855044e-19,
            "residual": [
                1.3234889800848443e-23,
                -5.293955920339377e-23,
                0.0,
                2.117582368135751e-22,
                -2.117582368135751e-22,
                0.0,
                1.0587911840678754e-22,
                -1.0587911840678754e-22,
                -2.6469779601696886e-23,
                1.0587911840678754e-22,
                -2.117582368135751e-22,
                0.0,
                0.0,
                0.0,
                0.0,
                7.940933880509066e-23,
                -2.6469779601696886e-23,
                5.293955920339377e-23,
                0.0,
                -4.235164736271502e-22,
                0.0,
                0.0,
                1.2705494208814505e-21,
                0.0,
                0.0,
                -5.293955920339377e-23,
                3.1763735522036263e-22,
                -2.117582368135751e-22,
                -4.235164736271502e-22,
                0.0,
                -8.470329472543003e-22,
                0.0,
                1.0587911840678754e-22,
                0.0,
                5.293955920339377e-23,
                -4.235164736271502e-22,
                0.0,
                -1.6940658945086007e-21,
                3.3881317890172014e-21,
                0.0,
                4.235164736271502e-22,
                -8.470329472543003e-22,
                3.1763735522036263e-22,
                -4.235164736271502e-22,
                4.235164736271502e-22,
                0.0,
                6.776263578034403e-21,
                -1.6940658945086007e-21,
                -1.2705494208814505e-21,
                2.117582368135751e-22,
                -5.293955920339377e-23,
                1.0587911840678754e-22,
                -1.4823076576950256e-21,
                -2.541098841762901e-21,
                -3.3881317890172014e-21,
                -1.3552527156068805e-20,
                0.0,
                -1.6940658945086007e-21,
                -2.117582368135751e-22,
                2.117582368135751e-22,
                8.470329472543003e-22,
                -5.929230630780102e-21,
                3.3881317890172014e-21,
                0.0,
                3.3881317890172014e-21,
                -8.470329472543003e-22,
                2.117582368135751e-22,
                1.5881867761018131e-22,
                2.117582368135751e-22,
                -4.235164736271502e-22,
                -8.470329472543003e-22,
                1.6940658945086007e-20,
                1.0842021724855044e-19,
                -5.082197683525802e-20,
                4.235164736271502e-21,
                -8.470329472543003e-22,
                -5.293955920339377e-22,
                1.9058241313221758e-21,
                1.0587911840678754e-20,
                -3.3881317890172014e-21,
                -1.0842021724855044e-19,
                3.3881317890172014e-20,
                5.505714157152952e-21,
                -4.235164736271502e-22,
                2.6469779601696886e-22,
                -1.3234889800848443e-22,
                8.470329472543003e-22,
                4.870439446712227e-21,
                -1.9481757786848908e-20,
                5.421010862427522e-20,
                -2.541098841762901e-21,
                1.4823076576950256e-21,
                -1.0587911840678754e-22,
                -5.293955920339377e-23,
                -1.4823076576950256e-21,
                -8.470329472543003e-22,
                -1.2705494208814505e-20,
                3.3881317890172014e-21,
                -4.235164736271502e-22,
                4.235164736271502e-22,
                5.293955920339377e-22,
                1.3234889800848443e-22,
                -1.1911400820763599e-22,
                -4.235164736271502e-22,
                -9.529120656610879e-22,
                1.2705494208814505e-21,
                -1.2705494208814505e-21,
                1.0587911840678754e-21,
                -1.0587911840678754e-22,
                -1.5881867761018131e-22,
                -6.617444900424221e-22,
                -2.6469779601696886e-22,
                4.235164736271502e-22,
                -2.117582368135751e-22,
                -1.0164395367051604e-20,
                6.352747104407253e-22,
                -2.6469779601696886e-21,
                2.6469779601696886e-22,
                -2.3822801641527197e-22,
                -1.0587911840678754e-22,
                -5.293955920339377e-23,
                -7.940933880509066e-22,
                4.235164736271502e-22,
                -1.0587911840678754e-22,
                -5.293955920339377e-22,
                -4.235164736271502e-22,
                7.940933880509066e-23,
                2.6469779601696886e-23,
                -5.293955920339377e-23,
                4.235164736271502e-22,
                6.352747104407253e-22,
                2.2234614865425384e-21,
                5.293955920339377e-22,
                1.376428539288238e-21,
                -2.6469779601696886e-23,
                -1.3234889800848443e-23,
                -6.617444900424221e-23,
                0.0,
                -3.1763735522036263e-22,
                -8.470329472543003e-22,
                1.2705494208814505e-21,
                6.352747104407253e-22,
                3.1763735522036263e-22,
                1.5881867761018131e-22,
                -5.293955920339377e-23,
                5.293955920339377e-23,
                -3.1763735522036263e-22,
                -8.470329472543003e-22,
                1.4823076576950256e-21,
                -2.117582368135751e-22,
                -1.0587911840678754e-22,
                -5.293955920339377e-23,
                -3.970466940254533e-23,
                -5.293955920339377e-23,
                2.117582368135751e-22,
                -2.117582368135751e-22,
                0.0,
                -1.6940658945086007e-21,
                8.470329472543003e-22,
                -2.117582368135751e-22,
                2.117582368135751e-22,
                1.0587911840678754e-22,
                0.0,
                4.235164736271502e-22,
                0.0,
                -8.470329472543003e-22,
                8.470329472543003e-22,
                2.117582368135751e-22,
                -2.117582368135751e-22,
                5.293955920339377e-23,
                2.117582368135751e-22,
                0.0,
                4.235164736271502e-22,
                -3.3881317890172014e-21,
                -3.3881317890172014e-21,
                -1.6940658945086007e-21,
                1.6940658945086007e-21,
                4.235164736271502e-22,
                1.0587911840678754e-22,
                2.117582368135751e-22,
                4.235164736271502e-22,
                3.3881317890172014e-21,
                3.3881317890172014e-21,
                1.6940658945086007e-21,
                -8.470329472543003e-22,
                4.235164736271502e-22,
                -1.0587911840678754e-22,
                4.764560328305439e-22,
                -1.4823076576950256e-21,
                -5.082197683525802e-21,
                -3.3881317890172014e-21,
                -1.3552527156068805e-20,
                3.3881317890172014e-21,
                -3.3881317890172014e-21,
                -1.0587911840678754e-21,
                0.0,
                1.0587911840678754e-21,
                4.235164736271502e-21,
                3.3881317890172014e-21,
                -1.3552527156068805e-20,
                -6.776263578034403e-21,
                0.0,
                4.235164736271502e-22,
                1.0587911840678754e-22,
                0.0,
                1.4823076576950256e-21,
                -8.893845946170154e-21,
                1.3552527156068805e-20,
                -1.0842021724855044e-19,
                2.879912020664621e-20,
                0.0,
                6.352747104407253e-22,
                5.293955920339377e-22,
                4.235164736271502e-22,
                7.623296525288703e-21,
                -3.8963515573697816e-20,
                5.421010862427522e-20,
                0.0,
                -1.2705494208814505e-21,
                -1.9058241313221758e-21,
                -2.117582368135751e-22,
                -2.6469779601696886e-23,
                1.4823076576950256e-21,
                -3.8116482626443515e-21,
                -1.3129010682441655e-20,
                1.0164395367051604e-20,
                4.235164736271502e-22,
                -3.1763735522036263e-21,
                5.293955920339377e-22,
                1.0587911840678754e-22,
                7.411538288475128e-22,
                1.4823076576950256e-21,
                1.4399560103323106e-20,
                -2.625802136488331e-20,
                -6.3527471044072525e-21,
                -5.505714157152952e-21,
                0.0,
                5.293955920339377e-23,
                1.4558378780933287e-22,
                -6.617444900424221e-22,
                2.329340604949326e-21,
                1.4823076576950256e-21,
                -1.0164395367051604e-20,
                -2.541098841762901e-21,
                -7.411538288475128e-22,
                5.823351512373315e-22,
                4.499862532288471e-22,
                -1.0058516248644817e-21,
                7.411538288475128e-22,
                -1.0587911840678754e-21,
                -5.082197683525802e-21,
                -2.329340604949326e-21,
                -1.376428539288238e-21,
                -7.940933880509066e-23,
                -1.7205356741102976e-22,
                -3.308722450212111e-24,
                -3.970466940254533e-22,
                -2.3822801641527197e-22,
                6.352747104407253e-22,
                2.276401045745932e-21,
                -1.641126335305207e-21,
                -4.235164736271502e-22,
                -1.9852334701272664e-22,
                1.1911400820763599e-22,
                -4.632211430296955e-22,
                2.9116757561866574e-22,
                1.3234889800848443e-21,
                -1.4823076576950256e-21,
                6.88214269644119e-22,
                -1.5881867761018131e-22,
                2.6469779601696886e-22,
                -2.3161057151484775e-23,
                1.3234889800848443e-23,
                1.3234889800848443e-22,
                1.0587911840678754e-22,
                1.5881867761018131e-22,
                -4.764560328305439e-22,
                5.823351512373315e-22,
                -1.1911400820763599e-22,
                -3.970466940254533e-23,
                6.617444900424221e-23,
                7.940933880509066e-23,
                -1.5881867761018131e-22,
                0.0,
                5.823351512373315e-22,
                1.852884572118782e-22,
                -9.26442286059391e-23,
                8.271806125530277e-23,
                -5.293955920339377e-23
            ],
            "solution": [
                0.025702993343419234,
                0.0701052543308604,
                0.1523014286640203,
                0.2732457181384427,
                0.3626275143419511,
                0.2747252531163213,
                0.1570035666874457,
                0.08318149105060933,
                0.059898557548562485,
                0.08318149105060933,
                0.1570035666874457,
                0.2747252531163213,
                0.3626275143419511,
                0.2732457181384427,
                0.1523014286640203,
                0.0701052543308604,
                0.025702993343419234,
                0.0701052543308604,
                0.20442159500376192,
                0.48745735003125207,
                0.9756336781619352,
                1.4301717128010645,
                0.9790024425839748,
                0.49855186564659587,
                0.23685511001361204,
                0.16038523394411425,
                0.23685511001361204,
                0.49855186564659587,
                0.9790024425839748,
                1.4301717128010645,
                0.9756336781619352,
                0.48745735003125207,
                0.20442159500376192,
                0.0701052543308604,
                0.1523014286640203,
                0.48745735003125207,
                1.3267360382878532,
                3.1312327438173635,
                5.484360893472443,
                3.137035392267119,
                1.3467524970199427,
                0.5499323004911356,
                0.34129691658496364,
                0.5499323004911356,
                1.3467524970199427,
                3.137035392267119,
                5.484360893472443,
                3.1312327438173635,
                1.3267360382878532,
                0.48745735003125207,
                0.1523014286640203,
                0.2732457181384427,
                0.9756336781619352,
                3.1312327438173635,
                9.29422684444656,
                22.218893913919157,
                9.302495222095065,
                3.161050941211874,
                1.0749907240341843,
                0.6015338740635484,
                1.0749907240341843,
                3.161050941211874,
                9.302495222095065,
                22.218893913919157,
                9.29422684444656,
                3.1312327438173635,
                0.9756336781619352,
                0.2732457181384427,
                0.3626275143419511,
                1.4301717128010645,
                5.484360893472443,
                22.218893913919157,
                97.12357114184121,
                22.22837728688763,
                5.519378066847856,
                1.55158572274796,
                0.7901048319578762,
                1.55158572274796,
                5.519378066847856,
                22.22837728688763,
                97.12357114184121,
                22.218893913919157,
                5.484360893472443,
                1.4301717128010645,
                0.3626275143419511,
                0.2747252531163213,
                0.9790024425839748,
                3.137035392267119,
                9.302495222095065,
                22.22837728688763,
                9.310941721497052,
                3.1673394191003634,
                1.079467541991547,
                0.6053374410149783,
                1.079467541991547,
                3.1673394191003634,
                9.310941721497052,
                22.22837728688763,
                9.302495222095065,
                3.137035392267119,
                0.9790024425839748,
                0.2747252531163213,
                0.1570035666874457,
                0.49855186564659587,
                1.3467524970199427,
                3.161050941211874,
                5.519378066847856,
                3.1673394191003634,
                1.3681329929041506,
                0.5642614160429681,
                0.3530918390137525,
                0.5642614160429681,
                1.3681329929041506,
                3.1673394191003634,
                5.519378066847856,
                3.161050941211874,
                1.3467524970199427,
                0.49855186564659587,
                0.1570035666874457,
                0.08318149105060933,
                0.23685511001361204,
                0.5499323004911356,
                1.0749907240341843,
                1.55158572274796,
                1.079467541991547,
                0.5642614160429681,
                0.27736857815562943,
                0.1922650497730477,
                0.27736857815562943,
                0.5642614160429681,
                1.079467541991547,
                1.55158572274796,
                1.0749907240341843,
                0.5499323004911356,
                0.23685511001361204,
                0.08318149105060933,
                0.059898557548562485,
                0.16038523394411425,
                0.34129691658496364,
                0.6015338740635484,
                0.7901048319578762,
                0.6053374410149783,
                0.3530918390137525,
                0.1922650497730477,
                0.14098193756394187,
                0.1922650497730477,
                0.3530918390137525,
                0.6053374410149783,
                0.7901048319578762,
                0.6015338740635484,
                0.34129691658496364,
                0.16038523394411425,
                0.059898557548562485,
                0.08318149105060933,
                0.23685511001361204,
                0.5499323004911356,
                1.0749907240341843,
                1.55158572274796,
                1.079467541991547,
                0.5642614160429681,
                0.27736857815562943,
                0.1922650497730477,
                0.27736857815562943,
                0.5642614160429681,
                1.079467541991547,
                1.55158572274796,
                1.0749907240341843,
                0.5499323004911356,
                0.23685511001361204,
                0.08318149105060933,
                0.1570035666874457,
                0.49855186564659587,
                1.3467524970199427,
                3.161050941211874,
                5.519378066847856,
                3.1673394191003634,
                1.3681329929041506,
                0.5642614160429681,
                0.3530918390137525,
                0.5642614160429681,
                1.3681329929041506,
                3.1673394191003634,
                5.519378066847856,
                3.161050941211874,
                1.3467524970199427,
                0.49855186564659587,
                0.1570035666874457,
                0.2747252531163213,
                0.9790024425839748,
                3.137035392267119,
                9.302495222095065,
                22.22837728688763,
                9.310941721497052,
                3.1673394191003634,
                1.079467541991547,
                0.6053374410149783,
                1.079467541991547,
                3.1673394191003634,
                9.310941721497052,
                22.22837728688763,
                9.302495222095065,
                3.137035392267119,
                0.9790024425839748,
                0.2747252531163213,
                0.3626275143419511,
                1.4301717128010645,
                5.484360893472443,
                22.218893913919157,
                97.12357114184121,
                22.22837728688763,
                5.519378066847856,
                1.55158572274796,
                0.7901048319578762,
                1.55158572274796,
                5.519378066847856,
                22.22837728688763,
                97.12357114184121,
                22.218893913919157,
                5.484360893472443,
                1.4301717128010645,
                0.3626275143419511,
                0.2732457181384427,
                0.9756336781619352,
                3.1312327438173635,
                9.29422684444656,
                22.218893913919157,
                9.302495222095065,
                3.161050941211874,
                1.0749907240341843,
                0.6015338740635484,
                1.0749907240341843,
                3.161050941211874,
                9.302495222095065,
                22.218893913919157,
                9.29422684444656,
                3.1312327438173635,
                0.9756336781619352,
                0.2732457181384427,
                0.1523014286640203,
                0.48745735003125207,
                1.3267360382878532,
                3.1312327438173635,
                5.484360893472443,
                3.137035392267119,
                1.3467524970199427,
                0.5499323004911356,
                0.34129691658496364,
                0.5499323004911356,
                1.3467524970199427,
                3.137035392267119,
                5.484360893472443,
                3.1312327438173635,
                1.3267360382878532,
                0.48745735003125207,
                0.1523014286640203,
                0.0701052543308604,
                0.20442159500376192,
                0.48745735003125207,
                0.9756336781619352,
                1.4301717128010645,
                0.9790024425839748,
                0.49855186564659587,
                0.23685511001361204,
                0.16038523394411425,
                0.23685511001361204,
                0.49855186564659587,
                0.9790024425839748,
                1.4301717128010645,
                0.9756336781619352,
                0.48745735003125207,
                0.20442159500376192,
                0.0701052543308604,
                0.025702993343419234,
                0.0701052543308604,
                0.1523014286640203,
                0.2732457181384427,
                0.3626275143419511,
                0.2747252531163213,
                0.1570035666874457,
                0.08318149105060933,
                0.059898557548562485,
                0.08318149105060933,
                0.1570035666874457,
                0.2747252531163213,
                0.3626275143419511,
                0.2732457181384427,
                0.1523014286640203,
                0.0701052543308604,
                0.025702993343419234
            ],
            "wall-time-ns": {
                "mean": 26928824.68,
                "p5th": 26870436.7,
                "p95th": 26992070.7,
                "samples": 100
            }
        },
        "SOR": {
            "converged": true,
            "iterations": {
                "actual": 19,
                "maximum": 5000
            },
            "iterative-error": {
                "actual": 7.813762841982447e-05,
                "maximum": 0.0001
            },
            "max-bytes": 4688,
            "max-residual": 4.0307500324298375e-08,
            "residual": [
                1.4440283331513035e-08,
                1.9224059228889785e-08,
                2.1059584552250054e-08,
                2.080919291362855e-08,
                2.0181705854362803e-08,
                1.9839306685067193e-08,
                1.9485048938832956e-08,
                1.8541118976217633e-08,
                1.670951427383877e-08,
                1.4104741030911402e-08,
                1.1102746859668768e-08,
                8.126990616312443e-09,
                5.502761121468283e-09,
                3.404862194497504e-09,
                1.8712816665185175e-09,
                8.463402322705117e-10,
                2.2709419128738559e-10,
                1.922405922888976e-08,
                2.4060103527238115e-08,
                2.510220277425961e-08,
                2.521659343042036e-08,
                2.5787086109782867e-08,
                2.660610959836008e-08,
                2.671907007471448e-08,
                2.5398523220223846e-08,
                2.256152000404333e-08,
                1.8660307405086345e-08,
                1.4363459734952203e-08,
                1.0276922170803415e-08,
                6.801030094255509e-09,
                4.109606621391419e-09,
                2.1985763998117033e-09,
                9.563125874856333e-10,
                2.2682051198880177e-10,
                2.105958455225e-08,
                2.510220277425961e-08,
                2.66608867620246e-08,
                2.8410457825895814e-08,
                3.072161408804847e-08,
                3.251422487929393e-08,
                3.259318891599347e-08,
                3.0471467564904175e-08,
                2.646958900989937e-08,
                2.138523878579685e-08,
                1.6092012329430992e-08,
                1.1270414448066705e-08,
                7.309638804812101e-09,
                4.331519129511117e-09,
                2.270764978377051e-09,
                9.625235889239792e-10,
                2.1191737689386663e-10,
                2.0809192913628868e-08,
                2.521659343042015e-08,
                2.8410457825897508e-08,
                3.2072506796799744e-08,
                3.556446225514429e-08,
                3.745377462327425e-08,
                3.677492462818621e-08,
                3.349934095404827e-08,
                2.8349570811071992e-08,
                2.2353459547254474e-08,
                1.64528556319293e-08,
                1.1294624285367288e-08,
                7.192091740058524e-09,
                4.188855756688217e-09,
                2.158292853408206e-09,
                8.959531989526853e-10,
                1.8618815237417916e-10,
                2.0181705854362274e-08,
                2.5787086109786255e-08,
                3.0721614088037036e-08,
                3.556446225516801e-08,
                3.918239436460349e-08,
                4.030750032427212e-08,
                3.8455392407204e-08,
                3.405213012566667e-08,
                2.808305775940119e-08,
                2.164183773291767e-08,
                1.5609832290187974e-08,
                1.0524422765099468e-08,
                6.593166310055621e-09,
                3.782075716904289e-09,
                1.9195060294964017e-09,
                7.825479566944506e-10,
                1.5442178044721855e-10,
                1.9839306685066293e-08,
                2.6606109598360927e-08,
                3.251422487928927e-08,
                3.745377462326832e-08,
                4.0307500324298375e-08,
                4.024934179214415e-08,
                3.728392768843691e-08,
                3.2143856992111725e-08,
                2.589502028809012e-08,
                1.955278945843344e-08,
                1.3853904274089124e-08,
                9.194439426921652e-09,
                5.67869495918753e-09,
                3.2146972041371426e-09,
                1.610169810049851e-09,
                6.459486725839322e-10,
                1.212584585659172e-10,
                1.9485048938833194e-08,
                2.671907007471485e-08,
                3.2593188915994426e-08,
                3.677492462817901e-08,
                3.8455392407206115e-08,
                3.728392768843945e-08,
                3.3615514095686703e-08,
                2.830232840721102e-08,
                2.23384714475885e-08,
                1.65719533449604e-08,
                1.1562666233674488e-08,
                7.570308827710021e-09,
                4.61869758796208e-09,
                2.584900836181662e-09,
                1.2798595300431358e-09,
                5.060000159850384e-10,
                9.032629055758038e-11,
                1.8541118976217474e-08,
                2.539852322022353e-08,
                3.047146756490444e-08,
                3.349934095404806e-08,
                3.4052130125664975e-08,
                3.21438569921149e-08,
                2.8302328407210702e-08,
                2.3345846856096597e-08,
                1.8105343812115194e-08,
                1.322973729976167e-08,
                9.109912969826366e-09,
                5.895427270174871e-09,
                3.5592018630203502e-09,
                1.972329731950328e-09,
                9.666772468196346e-10,
                3.770725172675365e-10,
                6.38751356485575e-11,
                1.670951427383885e-08,
                2.256152000404296e-08,
                2.6469589009899687e-08,
                2.8349570811072416e-08,
                2.8083057759401297e-08,
                2.5895020288089644e-08,
                2.2338471447587654e-08,
                1.8105343812114797e-08,
                1.383130671501075e-08,
                9.976399256176116e-09,
                6.792524206350005e-09,
                4.3520168373931995e-09,
                2.6036788258892956e-09,
                1.430443034298375e-09,
                6.947549120873821e-10,
                2.6758437495534607e-10,
                4.284101791380854e-11,
                1.4104741030911137e-08,
                1.8660307405087298e-08,
                2.1385238785796428e-08,
                2.2353459547254262e-08,
                2.16418377329164e-08,
                1.955278945843111e-08,
                1.6571953344961777e-08,
                1.3229737299762014e-08,
                9.976399256176222e-09,
                7.115860914786733e-09,
                4.797878448061657e-09,
                3.047540299093568e-09,
                1.8088967463967574e-09,
                9.8625756325032e-10,
                4.750726503214359e-10,
                1.8072614620072436e-10,
                2.715992464231316e-11,
                1.1102746859669139e-08,
                1.436345973495072e-08,
                1.6092012329430992e-08,
                1.6452855631925064e-08,
                1.560983229019475e-08,
                1.3853904274090182e-08,
                1.1562666233671312e-08,
                9.109912969826684e-09,
                6.792524206349793e-09,
                4.797878448061657e-09,
                3.207513166890761e-09,
                2.021938172548979e-09,
                1.1917638241113512e-09,
                6.45324135196756e-10,
                3.084360169566717e-10,
                1.15868182741823e-10,
                1.6154954389232623e-11,
                8.126990616312072e-09,
                1.0276922170803626e-08,
                1.1270414448064164e-08,
                1.1294624285384229e-08,
                1.052442276509608e-08,
                9.194439426920382e-09,
                7.570308827717221e-09,
                5.895427270175824e-09,
                4.352016837392564e-09,
                3.0475402990922976e-09,
                2.021938172550673e-09,
                1.2659055261224242e-09,
                7.413931519216748e-10,
                3.98867519030711e-10,
                1.8917367744426702e-10,
                7.01034030509695e-11,
                8.879322255611872e-12,
                5.502761121468177e-09,
                6.801030094255509e-09,
                7.309638804811254e-09,
                7.192091740100876e-09,
                6.593166310055621e-09,
                5.67869495920193e-09,
                4.618697587954668e-09,
                3.559201863023209e-09,
                2.603678825888872e-09,
                1.8088967464026867e-09,
                1.1917638241058455e-09,
                7.413931519250629e-10,
                4.3155040738845907e-10,
                2.3067156584807337e-10,
                1.084951357525004e-10,
                3.95589311733129e-11,
                4.362205054018175e-12,
                3.404862194497001e-09,
                4.109606621392689e-09,
                4.331519129504976e-09,
                4.188855756694146e-09,
                3.782075716893278e-09,
                3.214697204150695e-09,
                2.5849008361814502e-09,
                1.972329731950963e-09,
                1.4304430342995396e-09,
                9.862575632513787e-10,
                6.453241351942149e-10,
                3.9886751903706375e-10,
                2.3067156582266238e-10,
                1.2239826222905945e-10,
                5.6980911500219907e-11,
                2.031932665435376e-11,
                1.7517753886231689e-12,
                1.871281666518478e-09,
                2.1985763998122326e-09,
                2.2707649783785332e-09,
                2.158292853407147e-09,
                1.9195060294902607e-09,
                1.6101698100532392e-09,
                1.2798595300431358e-09,
                9.666772468192111e-10,
                6.947549120869056e-10,
                4.750726503213829e-10,
                3.084360169547659e-10,
                1.891736774525256e-10,
                1.0849513574657117e-10,
                5.698091149704353e-11,
                2.6107326496096346e-11,
                8.958886571138412e-12,
                3.7521356085239073e-13,
                8.463402322704985e-10,
                9.563125874855407e-10,
                9.62523588923688e-10,
                8.959531989541147e-10,
                7.825479566935506e-10,
                6.459486725847263e-10,
                5.060000159850649e-10,
                3.770725172674968e-10,
                2.6758437495557106e-10,
                1.807261462004332e-10,
                1.1586818274314649e-10,
                7.010340305001659e-11,
                3.9558931175059904e-11,
                2.0319326653559666e-11,
                8.958886571906036e-12,
                2.7630494612620637e-12,
                -2.565062384049751e-13,
                2.2709419128739882e-10,
                2.2682051198888118e-10,
                2.119173768940784e-10,
                1.8618815237386152e-10,
                1.544217804482244e-10,
                1.2125845856634071e-10,
                9.03262905574745e-11,
                6.387513564857074e-11,
                4.2841017913742365e-11,
                2.715992464207493e-11,
                1.6154954389020865e-11,
                8.87932225577069e-12,
                4.362205054388752e-12,
                1.751775388120243e-12,
                3.752135611700281e-13,
                -2.565062385108542e-13,
                -4.736399783855448e-13
            ],
            "solution": [
                0.025700391943025102,
                0.07010134246085495,
                0.15229695655747175,
                0.27324109524907403,
                0.3626228718032612,
                0.2747206233774333,
                0.15699902859051856,
                0.08317720568940809,
                0.05989471875971814,
                0.08317825572559784,
                0.15700101087794274,
                0.27472336556941757,
                0.36262621673773227,
                0.2732448955484232,
                0.15230095769037943,
                0.0701050228304235,
                0.02570291074177472,
                0.07010134246085495,
                0.20441580537292744,
                0.48745077486220184,
                0.9756267499525199,
                1.4301645387173205,
                0.9789951153611982,
                0.49854461659931126,
                0.23684828523721171,
                0.1603791814463286,
                0.2368500748500496,
                0.49854794190109014,
                0.9789995827085977,
                1.4301697707341634,
                0.9756324607514675,
                0.4874566600281378,
                0.2044212589039269,
                0.07010513536685521,
                0.15229695655747175,
                0.48745077486220184,
                1.3267284285041776,
                3.131224440821318,
                5.484352026594132,
                3.1370262060318352,
                1.3467434242664305,
                0.5499238567049889,
                0.3412895465383739,
                0.5499262727577676,
                1.34674787682797,
                3.1370320762013875,
                5.484358673026701,
                3.1312313694669553,
                1.3267352681765014,
                0.48745697871989696,
                0.15230129842274842,
                0.27324109524907403,
                0.9756267499525199,
                3.131224440821318,
                9.294217482911769,
                22.21888375386369,
                9.30248471387116,
                3.1610406990647433,
                1.074981365925218,
                0.6015258651763521,
                1.0749842971089538,
                3.1610461007305717,
                9.302491802700404,
                22.218891656756732,
                9.294225465137172,
                3.13123197972357,
                0.9756333134942456,
                0.2732455913822162,
                0.3626228718032612,
                1.4301645387173205,
                5.484352026594132,
                22.21888375386369,
                97.12356013608671,
                22.228366066696083,
                5.519367349444084,
                1.5515761392689735,
                0.790096798157895,
                1.5515793968253975,
                5.519373382751678,
                22.228374027701822,
                97.12356901922655,
                22.218892632294743,
                5.484360191037258,
                1.4301713807316387,
                0.36262739988588555,
                0.2747206233774333,
                0.9789951153611982,
                3.1370262060318352,
                9.30248471387116,
                22.228366066696083,
                9.310930518703985,
                3.1673289568373155,
                1.0794583873395858,
                0.6053299170128907,
                1.0794617209945028,
                3.1673351754635704,
                9.310938809055802,
                22.22837541298097,
                9.302494102741104,
                3.137034784595277,
                0.9790021577341941,
                0.27472515566831296,
                0.15699902859051856,
                0.49854461659931126,
                1.3467434242664305,
                3.1610406990647433,
                5.519367349444084,
                3.1673289568373155,
                1.3681234349528018,
                0.5642532196949062,
                0.35308522238975004,
                0.5642563770709131,
                1.368129369711052,
                3.167336962371191,
                5.519376502881078,
                3.161050015724311,
                1.3467519987443137,
                0.4985516337826026,
                0.15700348787675736,
                0.08317720568940809,
                0.23684828523721171,
                0.5499238567049889,
                1.074981365925218,
                1.5515761392689735,
                1.0794583873395858,
                0.5642532196949062,
                0.2773616750682088,
                0.1922595646504941,
                0.2773644581016454,
                0.5642584889441351,
                1.0794655779487154,
                1.5515844838539934,
                1.0749899967984127,
                0.5499319117197572,
                0.2368549302295562,
                0.08318143027462785,
                0.05989471875971814,
                0.1603791814463286,
                0.3412895465383739,
                0.6015258651763521,
                0.790096798157895,
                0.6053299170128907,
                0.35308522238975004,
                0.1922595646504941,
                0.14097763879653558,
                0.19226185918051408,
                0.3530895956185738,
                0.6053359492260854,
                0.7901038983168857,
                0.6015333297600035,
                0.3412966273468014,
                0.16038510088641036,
                0.05989851277235992,
                0.08317825572559784,
                0.2368500748500496,
                0.5499262727577676,
                1.0749842971089538,
                1.5515793968253975,
