{
    "inputs": {
        "D": 0.07,
        "cross-section": 0.0033,
        "dimensions": {
            "a": 100.0,
            "b": 100.0
        },
        "mesh": {
            "m": 8,
            "n": 8,
            "𝛾": 11.11111111111111,
            "𝛿": 11.11111111111111
        },
        "methods": [
            "LUP",
            "point-jacobi",
            "SORPJ",
            "gauss-seidel",
            "symmetric-gauss-seidel",
            "SOR",
            "SSOR"
        ]
    },
    "outputs": {
        "LUP": {
            "converged": true,
            "iterations": {
                "actual": 0,
                "maximum": 5000
            },
            "iterative-error": {
                "actual": null,
                "maximum": 0.0001
            },
            "max-bytes": 541024,
            "max-residual": 2.168404344971009e-19,
            "residual": [
                5.293955920339377e-23,
                0.0,
                0.0,
                0.0,
                0.0,
                0.0,
                0.0,
                0.0,
                3.1763735522036263e-22,
                -1.6940658945086007e-21,
                0.0,
                0.0,
                8.470329472543003e-22,
                -6.776263578034403e-21,
                1.6940658945086007e-21,
                1.0587911840678754e-22,
                1.2176098616780567e-21,
                -1.2705494208814505e-21,
                -2.168404344971009e-19,
                -7.411538288475128e-21,
                -1.2705494208814505e-21,
                -1.0842021724855044e-19,
                -5.082197683525802e-21,
                3.970466940254533e-22,
                0.0,
                2.117582368135751e-21,
                -7.623296525288703e-21,
                1.2705494208814505e-21,
                4.870439446712227e-21,
                1.1858461261560205e-20,
                -8.470329472543003e-22,
                -4.764560328305439e-22,
                -2.117582368135751e-22,
                1.6940658945086007e-21,
                6.776263578034403e-21,
                8.470329472543003e-22,
                1.6940658945086007e-21,
                0.0,
                -8.470329472543003e-22,
                2.117582368135751e-22,
                9.793818452627848e-22,
                -5.293955920339377e-21,
                -2.168404344971009e-19,
                -7.835054762102278e-21,
                -1.2705494208814505e-21,
                0.0,
                -2.329340604949326e-21,
                -7.940933880509066e-22,
                -2.9778502051908996e-22,
                7.940933880509066e-23,
                -4.7645603283054394e-21,
                8.470329472543003e-22,
                1.2176098616780567e-21,
                -9.211483301390516e-21,
                3.494010907423989e-21,
                1.0587911840678754e-22,
                -5.293955920339377e-23,
                1.0587911840678754e-22,
                1.2705494208814505e-21,
                -5.293955920339377e-23,
                1.0587911840678754e-22,
                8.999725064576941e-22,
                -1.0587911840678754e-22,
                0.0
            ],
            "solution": [
                0.13777250188515894,
                0.6764702738064946,
                2.223689647751673,
                0.8142427756916536,
                0.8142427756916536,
                2.223689647751673,
                0.6764702738064946,
                0.13777250188515894,
                0.6764702738064946,
                4.2815475232989035,
                20.346154602497116,
                4.9580177971053985,
                4.9580177971053985,
                20.346154602497116,
                4.2815475232989035,
                0.6764702738064946,
                2.223689647751673,
                20.346154602497116,
                188.33813626059876,
                22.56984425024879,
                22.56984425024879,
                188.33813626059876,
                20.346154602497116,
                2.223689647751673,
                0.8142427756916536,
                4.9580177971053985,
                22.56984425024879,
                5.772260572797052,
                5.772260572797052,
                22.56984425024879,
                4.9580177971053985,
                0.8142427756916536,
                0.8142427756916536,
                4.9580177971053985,
                22.56984425024879,
                5.772260572797052,
                5.772260572797052,
                22.56984425024879,
                4.9580177971053985,
                0.8142427756916536,
                2.223689647751673,
                20.346154602497116,
                188.33813626059876,
                22.56984425024879,
                22.56984425024879,
                188.33813626059876,
                20.346154602497116,
                2.223689647751673,
                0.6764702738064946,
                4.2815475232989035,
                20.346154602497116,
                4.9580177971053985,
                4.9580177971053985,
                20.346154602497116,
                4.2815475232989035,
                0.6764702738064946,
                0.13777250188515894,
                0.6764702738064946,
                2.223689647751673,
                0.8142427756916536,
                0.8142427756916536,
                2.223689647751673,
                0.6764702738064946,
                0.13777250188515894
            ],
            "wall-time-ns": {
                "mean": 262938.27,
                "p5th": 260075.05,
                "p95th": 268146.4,
                "samples": 100
            }
        },
        "SOR": {
            "converged": true,
            "iterations": {
                "actual": 10,
                "maximum": 5000
            },
            "iterative-error": {
                "actual": 3.427448434469596e-05,
                "maximum": 0.0001
            },
            "max-bytes": 1088,
            "max-residual": 2.7946351820974594e-08,
            "residual": [
                -2.7946351820974594e-08,
                1.7847120458651082e-08,
                -2.708383312549665e-09,
                -8.226707358860524e-10,
                -1.259277633479289e-10,
                2.1044753158676712e-10,
                -2.4701661648063154e-11,
                -2.9265626820277624e-12,
                1.7847120458651188e-08,
                -4.493817856191529e-09,
                2.602833493848362e-10,
                7.360899278379773e-12,
                2.384956578710092e-11,
                4.15982156896531e-12,
                1.5983720050912354e-12,
                -6.652018561869655e-13,
                -2.708383312549506e-09,
                2.602833493852597e-10,
                -1.2561068331307101e-10,
                -4.1254927038532807e-13,
                2.0547843830205016e-11,
                1.038106775021197e-13,
                -5.750530895581407e-13,
                -1.4912191843951785e-13,
                -8.226707358861053e-10,
                7.360899277320982e-12,
                -4.1254925704455915e-13,
                1.1414131656983448e-11,
                2.8903114227817896e-12,
                -1.590022140644451e-12,
                -4.327317200841671e-13,
                5.3064100839908735e-14,
                -1.2592776334803478e-10,
                2.384956578710092e-11,
                2.0547843828722708e-11,
                2.890311416005526e-12,
                -5.603654645608847e-12,
                6.2633170947856e-13,
                1.381472002155086e-13,
                -1.483865690098205e-14,
                2.1044753158674065e-10,
                4.1598215668477276e-12,
                1.0381062329201107e-13,
                -1.590022138950385e-12,
                6.263316976200988e-13,
                -6.585303049394531e-14,
                1.628980496940467e-14,
                1.5989975899565178e-15,
                -2.4701661648532992e-11,
                1.598372007791153e-12,
                -5.750530830995145e-13,
                -4.3273171976652974e-13,
                1.3814719965964322e-13,
                1.6289811745668248e-14,
                -4.7530962667599445e-15,
                -5.4045579091715974e-17,
                -2.926562682080702e-12,
                -6.652018562928447e-13,
                -1.4912191843951785e-13,
                5.306410044286204e-14,
                -1.4838657324498525e-14,
                1.5989967958631297e-15,
                -5.4046214366426415e-17,
                -1.214105262858792e-16
            ],
            "solution": [
                0.13777697100618694,
                0.6764675733779788,
                2.2236898779366014,
                0.8142429524888948,
                0.8142428128675392,
                2.223689613395545,
                0.6764702747453836,
                0.13777250251902853,
                0.6764675733779788,
                4.281547781902087,
                20.3461546098786,
                4.958017814993796,
                4.958017797640595,
                20.346154598161196,
                4.281547522675609,
                0.676470273930786,
                2.2236898779366014,
                20.3461546098786,
                188.33813628546272,
                22.56984425418301,
                22.56984424683884,
                188.33813625980034,
                20.346154602468037,
                2.2236896477884556,
                0.8142429524888948,
                4.958017814993796,
                22.56984425418301,
                5.772260571361503,
                5.77226057187958,
                22.5698442503664,
                4.958017797190569,
                0.8142427756946481,
                0.8142428128675392,
                4.958017797640595,
                22.56984424683884,
                5.77226057187958,
                5.772260573612816,
                22.569844250230215,
                4.958017797087055,
                0.8142427756926939,
                2.223689613395545,
                20.346154598161196,
                188.33813625980034,
                22.5698442503664,
                22.569844250230215,
                188.33813626060595,
                20.346154602492994,
                2.223689647751067,
                0.6764702747453836,
                4.281547522675609,
                20.346154602468037,
                4.958017797190569,
                4.958017797087055,
                20.346154602492994,
                4.281547523298907,
                0.6764702738064442,
                0.13777250251902853,
                0.676470273930786,
                2.2236896477884556,
                0.8142427756946481,
                0.8142427756926939,
                2.223689647751067,
                0.6764702738064442,
                0.13777250188517048
            ],
            "wall-time-ns": {
                "mean": 1103154.23,
                "p5th": 1101323.9,
                "p95th": 1109942.6,
                "samples": 100
            }
        },
        "SORPJ": {
            "converged": true,
            "iterations": {
                "actual": 17,
                "maximum": 5000
            },
            "iterative-error": {
                "actual": 7.041131997955095e-05,
                "maximum": 0.0001
            },
            "max-bytes": 2144,
            "max-residual": 9.184095499289099e-08,
            "residual": [
                1.1076564344765803e-08,
                2.0818590709380317e-08,
                2.8048495768396774e-08,
                3.189515505414633e-08,
                3.1895155054146755e-08,
                2.8048495768396774e-08,
                2.081859070938053e-08,
                1.1076564344765644e-08,
                2.0818590709380317e-08,
                3.9127209229363917e-08,
                5.271703843627503e-08,
                5.99457999387436e-08,
                5.994579993874275e-08,
                5.271703843626825e-08,
                3.912720922936222e-08,
                2.0818590709381376e-08,
                2.8048495768396747e-08,
                5.2717038436278415e-08,
                7.10252598421033e-08,
                8.076553420466862e-08,
                8.076553420467773e-08,
                7.102525984199488e-08,
                5.271703843627566e-08,
                2.8048495768395795e-08,
                3.18951550541462e-08,
                5.994579993873576e-08,
                8.076553420468281e-08,
                9.18409549928876e-08,
                9.184095499289099e-08,
                8.076553420466587e-08,
                5.994579993874339e-08,
                3.1895155054147364e-08,
                3.189515505414697e-08,
                5.99457999387419e-08,
                8.076553420466418e-08,
                9.184095499289014e-08,
                9.184095499289014e-08,
                8.076553420467773e-08,
                5.994579993873936e-08,
                3.189515505414633e-08,
                2.8048495768397197e-08,
                5.271703843627164e-08,
                7.102525984204909e-08,
                8.076553420467794e-08,
                8.076553420468768e-08,
                7.102525984194067e-08,
                5.27170384362763e-08,
                2.8048495768396403e-08,
                2.081859070938043e-08,
                3.912720922936172e-08,
                5.271703843628858e-08,
                5.994579993874331e-08,
                5.994579993874182e-08,
                5.271703843626952e-08,
                3.912720922935979e-08,
                2.0818590709380853e-08,
                1.1076564344765723e-08,
                2.0818590709381376e-08,
                2.8048495768395847e-08,
                3.189515505414562e-08,
                3.189515505414633e-08,
                2.804849576839725e-08,
                2.0818590709380853e-08,
                1.1076564344765909e-08
            ],
            "solution": [
                0.13776927884406734,
                0.6764642161976293,
                2.2236814863869903,
                0.8142334950416966,
                0.8142334950416966,
                2.2236814863869903,
                0.6764642161976293,
                0.13776927884406734,
                0.6764642161976293,
                4.2815361384358015,
                20.34613926353762,
                4.958000354633431,
                4.958000354633431,
                20.34613926353762,
                4.2815361384358015,
                0.6764642161976293,
                2.2236814863869903,
                20.34613926353762,
                188.3381155944695,
                22.56982074992461,
                22.56982074992461,
                188.3381155944695,
                20.34613926353762,
                2.2236814863869903,
                0.8142334950416966,
                4.958000354633431,
                22.56982074992461,
                5.7722338496751275,
                5.7722338496751275,
                22.56982074992461,
                4.958000354633431,
                0.8142334950416966,
                0.8142334950416966,
                4.958000354633431,
                22.56982074992461,
                5.7722338496751275,
                5.7722338496751275,
                22.56982074992461,
                4.958000354633431,
                0.8142334950416966,
                2.2236814863869903,
                20.34613926353762,
                188.3381155944695,
                22.56982074992461,
                22.56982074992461,
                188.3381155944695,
                20.34613926353762,
                2.2236814863869903,
                0.6764642161976293,
                4.2815361384358015,
                20.34613926353762,
                4.958000354633431,
                4.958000354633431,
                20.34613926353762,
                4.2815361384358015,
                0.6764642161976293,
                0.13776927884406734,
                0.6764642161976293,
                2.2236814863869903,
                0.8142334950416966,
                0.8142334950416966,
                2.2236814863869903,
                0.6764642161976293,
                0.13776927884406734
            ],
            "wall-time-ns": {
                "mean": 266688.95,
                "p5th": 253893.65,
                "p95th": 316021.65,
                "samples": 100
            }
        },
        "SSOR": {
            "converged": true,
            "iterations": {
                "actual": 6,
                "maximum": 5000
            },
            "iterative-error": {
                "actual": 6.0446239878096773e-05,
                "maximum": 0.0001
            },
            "max-bytes": 1088,
            "max-residual": 7.368166758583289e-09,
            "residual": [
                -5.570911944823469e-10,
                -3.7095875415952046e-10,
                6.606804380451391e-10,
                2.9514299912886988e-09,
                -2.097238466783855e-09,
                -5.902731513811113e-10,
                2.7165118706870405e-09,
                -1.6846480736022382e-09,
                -3.7095875415962634e-10,
                -1.3070236902717694e-09,
                -1.5908874727491962e-09,
                5.0499903127010845e-09,
                7.721700776937892e-10,
                -9.48779337071133e-10,
                5.266066637682101e-09,
                1.5665658751694366e-09,
                6.606804380449273e-10,
                -1.5908874727485609e-09,
                -7.368166758583289e-09,
                -7.159836760022871e-10,
                -2.2665319256613175e-09,
                -7.234606885135955e-09,
                -6.267092586987376e-10,
                -4.160442836982234e-10,
                2.9514299912889105e-09,
                5.049990312699602e-09,
                -7.159836760016518e-10,
                3.3744444843773628e-09,
                3.1823146366844206e-09,
                -2.3353975845623564e-09,
                7.613372457097468e-10,
                -1.6153694547396103e-09,
                -2.0972384667839608e-09,
                7.721700776946362e-10,
                -2.26653192567127e-09,
                3.1823146366793384e-09,
                3.3909419877732995e-09,
                -7.29234922813393e-10,
                4.819514954379759e-09,
                1.794624556237017e-09,
                -5.902731513815612e-10,
                -9.487793370717683e-10,
                -7.234606885135955e-09,
                -2.3353975845282634e-09,
                -7.292349228188987e-10,
                -7.2061018926072515e-09,
                -1.3594210346654298e-09,
                5.041258016034924e-10,
                2.7165118706868354e-09,
                5.266066637683768e-09,
                -6.267092586988435e-10,
                7.613372457088469e-10,
                4.819514954370494e-09,
                -1.3594210346584418e-09,
                -1.2008833118800303e-09,
                -1.703601777096595e-10,
                -1.6846480736022647e-09,
                1.5665658751692248e-09,
                -4.160442836982763e-10,
                -1.6153694547391868e-09,
                1.79462455623797e-09,
                5.041258016009513e-10,
                -1.7036017770944775e-10,
                -1.2935759697234247e-10
            ],
            "solution": [
                0.1377726220047211,
                0.676470372337824,
                2.2236895136271286,
                0.8142421690934939,
                0.8142430878237129,
                2.223689750317264,
                0.6764697157270114,
                0.1377727115700013,
                0.676470372337824,
                4.281547850643723,
                20.34615495866796,
                4.958016867583664,
                4.958017667474545,
                20.346154814603373,
                4.281546521675115,
                0.6764699198526949,
                2.2236895136271286,
                20.34615495866796,
                188.3381376887376,
                22.569844408813655,
                22.569844744395496,
                188.33813769886154,
                20.34615475396803,
                2.223689726729628,
                0.8142421690934939,
                4.958016867583664,
                22.569844408813655,
                5.772259874399202,
                5.772259960762397,
                22.569844756970014,
                4.958017663641505,
                0.8142430199822447,
                0.8142430878237129,
                4.958017667474545,
                22.569844744395496,
                5.772259960762397,
                5.772259872629748,
                22.5698444146736,
                4.958016926739577,
                0.8142423801609374,
                2.223689750317264,
                20.346154814603373,
                188.33813769886154,
                22.569844756970014,
                22.5698444146736,
                188.3381376529511,
                20.346154920008825,
                2.223689554796089,
                0.6764697157270114,
                4.281546521675115,
                20.34615475396803,
                4.958017663641505,
                4.958016926739577,
                20.346154920008825,
                4.281547814698574,
                0.6764703281025929,
                0.1377727115700013,
                0.6764699198526949,
                2.223689726729628,
                0.8142430199822447,
                0.8142423801609374,
                2.223689554796089,
                0.6764703281025929,
                0.13777253617563529
            ],
            "wall-time-ns": {
                "mean": 1415704.76,
                "p5th": 1410887.8,
                "p95th": 1419945.9,
                "samples": 100
            }
        },
        "gauss-seidel": {
            "converged": true,
            "iterations": {
                "actual": 10,
                "maximum": 5000
            },
            "iterative-error": {
                "actual": 5.0813515109656945e-05,
                "maximum": 0.0001
            },
            "max-bytes": 1088,
            "max-residual": 2.0316814221506735e-08,
            "residual": [
                2.0316814221506735e-08,
                1.9063808090847416e-08,
                1.3038520775759037e-08,
                7.108989556704994e-09,
                3.1886270957466587e-09,
                1.1758376026957068e-09,
                3.376607461098685e-10,
                5.710064943641697e-11,
                1.9063808090847522e-08,
                1.5872353355461725e-08,
                9.934750638159449e-09,
                5.071434008843546e-09,
                2.1624332510370063e-09,
                7.643070907683365e-10,
                2.1007860455954044e-10,
                3.238801198632468e-11,
                1.3038520775758666e-08,
                9.934750638160931e-09,
                5.8207054488292574e-09,
                2.8271407085108543e-09,
                1.1600325251866344e-09,
                3.97225009775206e-10,
                1.0584378724610672e-10,
                1.5336605248522428e-11,
                7.108989556704491e-09,
                5.071434008848628e-09,
                2.8271407085091603e-09,
                1.3216162622142427e-09,
                5.26205031994251e-10,
                1.7570691265024046e-10,
                4.565441713240096e-11,
                6.264525884122622e-12,
                3.188627095746553e-09,
                2.1624332510353122e-09,
                1.1600325251976459e-09,
                5.262050319944627e-10,
                2.0450227476905838e-10,
                6.687649050399159e-11,
                1.6992668634061004e-11,
                2.2006870044285104e-12,
                1.1758376026958656e-09,
                7.643070907706659e-10,
                3.972250098294161e-10,
                1.7570691264812287e-10,
                6.687649052029698e-11,
                2.145628542459671e-11,
                5.326203903750326e-12,
                6.381587613025982e-13,
                3.3766074610976925e-10,
                2.100786045578199e-10,
                1.0584378724589496e-10,
                4.5654417132109793e-11,
                1.699266863324044e-11,
                5.326203917408732e-12,
                1.2763175209111305e-12,
                1.299698340085801e-13,
                5.710064943631109e-11,
                3.2388011986959957e-11,
                1.533660524936946e-11,
                6.2645258836726355e-12,
                2.2006870047461478e-12,
                6.381587596085323e-13,
                1.299698340085801e-13,
                -5.293955920339377e-23
            ],
            "solution": [
                0.13776790058549837,
                0.67646559724363,
                2.223686343562245,
                0.8142409146652819,
                0.8142419073023281,
                2.2236893101502613,
                0.6764701680921192,
                0.13777247908323412,
                0.67646559724363,
                4.281543126682278,
                20.34615168822399,
                4.9580162321087,
                4.958017091739058,
                20.346154335106885,
                4.281547441097485,
                0.6764702563101682,
                2.223686343562245,
                20.34615168822399,
                188.3381344295371,
                22.569843306809503,
                22.56984383806819,
                188.33813610795187,
                20.346154556380426,
                2.2236896380609528,
                0.8142409146652819,
                4.9580162321087,
                22.569843306809503,
                5.772260102501198,
                5.7722603725052535,
                22.5698441775009,
                4.958017775447008,
                0.8142427711894595,
                0.8142419073023281,
                4.958017091739058,
                22.56984383806819,
                5.7722603725052535,
                5.772260489185933,
                22.569844220342674,
                4.958017788303734,
                0.8142427738772886,
                2.2236893101502613,
                20.346154335106885,
                188.33813610795187,
                22.5698441775009,
                22.569844220342674,
                188.33813625002617,
                20.346154599412145,
                2.223689647119557,
                0.6764701680921192,
                4.281547441097485,
                20.346154556380426,
                4.958017775447008,
                4.958017788303734,
                20.346154599412145,
                4.281547522404192,
                0.6764702736238855,
                0.13777247908323412,
                0.6764702563101682,
                2.2236896380609528,
                0.8142427711894595,
                0.8142427738772886,
                2.223689647119557,
                0.6764702736238855,
                0.13777250184796805
            ],
            "wall-time-ns": {
                "mean": 1102002.45,
                "p5th": 1098805.95,
                "p95th": 1106116.75,
                "samples": 100
            }
        },
        "point-jacobi": {
            "converged": true,
            "iterations": {
                "actual": 15,
                "maximum": 5000
            },
            "iterative-error": {
                "actual": 6.647013082353365e-05,
                "maximum": 0.0001
            },
            "max-bytes": 2144,
            "max-residual": 7.922922168489224e-08,
            "residual": [
                8.029399440996418e-09,
                2.048578291871305e-08,
                2.2200889455572987e-08,
                2.8515182359709733e-08,
                2.851518235970931e-08,
                2.2200889455573834e-08,
                2.0485782918712838e-08,
                8.029399440996577e-09,
                2.048578291871305e-08,
                3.0228256406458236e-08,
                4.900545172461493e-08,
                5.0714039325172556e-08,
                5.0714039325175944e-08,
                4.900545172462171e-08,
                3.0228256406461624e-08,
                2.0485782918712626e-08,
                2.2200889455572908e-08,
                4.900545172461832e-08,
                5.873806080793683e-08,
                7.120634118020316e-08,
                7.120634118019554e-08,
                5.873806080782841e-08,
                4.900545172462298e-08,
                2.2200889455575475e-08,
                2.8515182359710103e-08,
                5.07140393251751e-08,
                7.120634118018961e-08,
                7.922922168488314e-08,
                7.92292216848842e-08,
                7.120634118020316e-08,
                5.071403932517573e-08,
                2.8515182359709468e-08,
                2.8515182359709733e-08,
                5.0714039325175944e-08,
                7.120634118019893e-08,
                7.922922168489224e-08,
                7.922922168488885e-08,
                7.120634118019893e-08,
                5.0714039325178485e-08,
                2.851518235970931e-08,
                2.2200889455573702e-08,
                4.900545172461874e-08,
                5.873806080782841e-08,
                7.120634118018284e-08,
                7.12063411802021e-08,
                5.873806080782841e-08,
                4.900545172460286e-08,
                2.2200889455576243e-08,
                2.048578291871297e-08,
                3.02282564064598e-08,
                4.900545172462319e-08,
                5.071403932517568e-08,
                5.071403932517843e-08,
                4.900545172460307e-08,
                3.0228256406463053e-08,
                2.0485782918712547e-08,
                8.029399440996577e-09,
                2.048578291871305e-08,
                2.220088945557378e-08,
                2.851518235970989e-08,
                2.851518235970952e-08,
                2.220088945557455e-08,
                2.048578291871276e-08,
                8.029399440996577e-09
            ],
            "solution": [
                0.13776992191272025,
                0.6764646866044686,
                2.223682859183713,
                0.8142346085171889,
                0.8142346085171889,
                2.223682859183713,
                0.6764646866044686,
                0.13776992191272025,
                0.6764646866044686,
                4.281538155052773,
                20.346140847425726,
                4.958002841657241,
                4.958002841657241,
                20.346140847425726,
                4.281538155052773,
                0.6764646866044686,
                2.223682859183713,
                20.346140847425726,
                188.33811872597252,
                22.56982370660944,
                22.56982370660944,
                188.33811872597252,
                20.346140847425726,
                2.223682859183713,
                0.8142346085171889,
                4.958002841657241,
                22.56982370660944,
                5.77223745017443,
                5.77223745017443,
                22.56982370660944,
                4.958002841657241,
                0.8142346085171889,
                0.8142346085171889,
                4.958002841657241,
                22.56982370660944,
                5.77223745017443,
                5.77223745017443,
                22.56982370660944,
                4.958002841657241,
                0.8142346085171889,
                2.223682859183713,
                20.346140847425726,
                188.33811872597252,
                22.56982370660944,
                22.56982370660944,
                188.33811872597252,
                20.346140847425726,
                2.223682859183713,
                0.6764646866044686,
                4.281538155052773,
                20.346140847425726,
                4.958002841657241,
                4.958002841657241,
                20.346140847425726,
                4.281538155052773,
                0.6764646866044686,
                0.13776992191272025,
                0.6764646866044686,
                2.223682859183713,
                0.8142346085171889,
                0.8142346085171889,
                2.223682859183713,
                0.6764646866044686,
                0.13776992191272025
            ],
            "wall-time-ns": {
                "mean": 249532.07,
                "p5th": 220917.0,
                "p95th": 287314.3,
                "samples": 100
            }
        },
        "symmetric-gauss-seidel": {
            "converged": true,
            "iterations": {
                "actual": 6,
                "maximum": 5000
            },
            "iterative-error": {
                "actual": 8.056125105521456e-06,
                "maximum": 0.0001
            },
            "max-bytes": 1088,
            "max-residual": 4.1215358431145425e-10,
            "residual": [
                0.0,
                1.1079230388152031e-11,
                3.4991751822612905e-11,
                6.448821589804731e-11,
                8.491202045024947e-11,
                8.877332348531579e-11,
                8.83373466754963e-11,
                7.549032665469232e-11,
                1.1079230388152031e-11,
                6.998350364353174e-11,
                1.5097551641751316e-10,
                2.15452175388499e-10,
                2.358135439863826e-10,
                2.4290828344667977e-10,
                2.2157725642253667e-10,
                1.3376871338808742e-10,
                3.4991751822427616e-11,
                1.5097551641920723e-10,
                2.610803097693494e-10,
                3.15650263846146e-10,
                3.4661276291084133e-10,
                3.430509545594533e-10,
                2.6128853533561305e-10,
                1.4078753906457504e-10,
                6.448821589807378e-11,
                2.1545217538871077e-10,
                3.1565026384784006e-10,
                3.8408365225538705e-10,
                4.1215358431145425e-10,
                3.556608337909809e-10,
                2.598609221362869e-10,
                1.391126545868579e-10,
                8.491202045035535e-11,
                2.3581354398807667e-10,
                3.466127628987711e-10,
                4.12153584310819e-10,
                3.90155986119991e-10,
                3.296754535624157e-10,
                2.427521532109866e-10,
                1.1148079011957363e-10,
                8.87733234853952e-11,
                2.429082834449857e-10,
                3.430509546136634e-10,
                3.556608337778519e-10,
                3.2967545356919195e-10,
                2.8134877332617117e-10,
                1.7878450102520462e-10,
                6.743133252120471e-11,
                8.833734667556247e-11,
                2.2157725642568657e-10,
                2.612885353359307e-10,
                2.5986092213633986e-10,
                2.427521532117542e-10,
                1.787845010253105e-10,
                9.472735335759903e-11,
                2.871143684668473e-11,
                7.549032665463938e-11,
                1.3376871338724038e-10,
                1.4078753906457504e-10,
                1.391126545867785e-10,
                1.1148079011999714e-10,
                6.743133252123118e-11,
                2.871143684647297e-11,
                5.599381320026599e-12
            ],
            "solution": [
                0.13777250069712751,
                0.6764702679731974,
                2.223689634068265,
                0.8142427536222009,
                0.814242748280853,
                2.2236896191739906,
                0.6764702467834849,
                0.13777248186681423,
                0.6764702679731974,
                4.281547500426836,
                20.346154557741198,
                4.958017735211077,
                4.958017728332221,
                20.346154532861767,
                4.281547462323904,
                0.6764702373871471,
                2.223689634068265,
                20.346154557741198,
                188.33813618581146,
                22.569844158024747,
                22.569844149726283,
                188.3381361635078,
                20.34615452758269,
                2.223689607026826,
                0.8142427536222009,
                4.958017735211077,
                22.569844158024747,
                5.772260461053726,
                5.772260455053556,
                22.569844146905876,
                4.958017721054949,
                0.8142427354056575,
                0.814242748280853,
                4.958017728332221,
                22.569844149726283,
                5.772260455053556,
                5.772260459054476,
                22.56984415356312,
                4.958017727133776,
                0.8142427422028027,
                2.2236896191739906,
                20.346154532861767,
                188.3381361635078,
                22.569844146905876,
                22.56984415356312,
                188.33813617963057,
                20.346154549727665,
                2.223689625760381,
                0.6764702467834849,
                4.281547462323904,
                20.34615452758269,
                4.958017721054949,
                4.958017727133776,
                20.346154549727665,
                4.281547493344996,
                0.6764702630344971,
                0.13777248186681423,
                0.6764702373871471,
                2.223689607026826,
                0.8142427354056575,
                0.8142427422028027,
                2.223689625760381,
                0.6764702630344971,
                0.13777249868565705
            ],
            "wall-time-ns": {
                "mean": 1416099.94,
                "p5th": 1411984.2,
                "p95th": 1422442.05,
                "samples": 100
            }
        }
    }
}
